R:255,255,255,255,255,255,255
R:0,0,0,0,0,0,0

G:255,255,255,255,255,255,255
G:0,0,0,0,0,0,0

B:255,255,255,255,255,255,255
B:0,0,0,0,0,0,0


LINSERVO:0,0,0,0,0,0,0
LINSERVO:90,90,90,90,90,90,90

VERTSERVO:0,0,0,0,0,0,0
VERTSERVO:90,90,90,90,90,90,90

ROTSERVO:0,0,0,0,0,0,0
ROTSERVO:45,45,45,45,45,45,45
ROTSERVO:90,90,90,90,90,90,90

VIB:0,0,0,0,0,0,0
VIB:1,1,1,1,1,1,1

VIBONTIME:200,200,200,200,200,200,200
VIBONTIME:500,500,500,500,500,500,500

VIBOFFTIME:200,200,200,200,200,200,200
VIBOFFTIME:500,500,500,500,500,500,500

VIBINTENSITY:70,70,70,70,70,70,70
VIBINTENSITY:100,100,100,100,100,100,100

SPD:60
SPD:300


BTN